DUCLOS;Gabrielle;duclos@3il.fr
DULAC;René;dulac@3il.fr
DUMESNIL-VIDART;Fabienne;dumesnil@3il.fr
DUPONT;Aline;dupont@3il.fr
DUPUIS;Gérard;dupuis@3il.fr
